30
0 2 80
0 8 57
0 9 31
0 14 51
0 16 22
0 18 1
0 19 43
0 23 89
0 29 37
1 2 38
1 4 59
1 18 74
1 26 62
2 4 74
2 11 53
2 18 4
2 19 44
2 27 12
3 1 51
3 4 13
3 6 48
3 7 42
3 8 53
3 13 40
3 14 36
3 23 91
3 24 45
4 13 34
4 17 94
4 18 4
4 28 38
5 0 100
5 4 71
5 8 73
5 12 23
5 17 60
6 2 29
6 7 15
6 11 96
6 12 17
6 19 39
6 25 29
6 27 99
7 15 56
7 26 85
8 0 50
8 7 63
8 13 67
8 25 65
9 0 28
9 11 34
9 14 26
9 19 51
9 29 85
10 0 43
10 4 40
10 5 36
10 16 40
10 18 16
10 22 65
10 29 41
11 3 47
11 5 66
11 9 71
11 10 24
11 12 35
11 20 64
11 22 6
12 1 100
12 25 10
12 27 89
12 29 81
13 6 47
13 18 78
13 22 29
13 25 60
14 8 33
14 9 13
14 15 46
14 17 87
14 24 38
14 26 10
15 18 72
15 21 94
15 29 9
16 1 2
16 8 85
16 10 28
16 11 32
16 12 74
16 17 63
16 21 35
16 24 49
17 9 74
17 10 76
17 15 37
17 22 13
17 28 14
17 29 100
18 6 37
18 8 27
18 9 14
18 12 44
18 13 9
18 23 7
18 24 98
18 29 66
19 11 47
19 13 13
19 17 100
20 2 42
20 4 81
20 19 6
21 0 32
21 1 92
21 20 28
21 29 74
22 0 88
22 6 51
22 10 99
22 12 39
22 14 15
22 17 13
22 18 73
22 19 88
22 23 59
23 1 82
23 2 95
23 4 84
23 6 58
23 9 99
23 14 19
23 16 52
23 22 77
23 24 33
23 28 84
23 29 5
24 0 17
24 1 38
24 3 55
24 4 59
24 5 38
24 6 95
24 11 14
24 18 98
24 21 59
25 1 52
25 5 91
25 11 83
25 17 9
25 29 77
26 4 23
26 7 5
26 8 16
26 9 52
26 22 88
27 1 69
27 4 62
27 10 7
27 11 70
27 17 53
27 18 85
28 1 93
28 2 18
28 3 53
28 4 81
28 6 100
28 9 21
28 11 31
28 12 44
28 13 83
28 22 22
28 23 95
29 9 98
29 19 69
29 21 2
29 28 90
-1
